4.417871542872967439e+02 8.337529442609525177e+02
4.683467125586637962e+02 8.329881740226794591e+02
4.714056247555092796e+02 7.805463235600193457e+02
4.716112056490773625e+02 7.679571783723579301e+02
4.789217874095982097e+02 7.301207472169944594e+02
4.897193067665995727e+02 6.931189429526809818e+02
5.033977686419083284e+02 6.656022607048721511e+02
5.125515875583221259e+02 6.505192030695943686e+02
5.368278544252750635e+02 6.323261826878665488e+02
5.497612440129039442e+02 6.284261055879012474e+02
5.691628848629397908e+02 6.313181314613273116e+02
5.806283347452160797e+02 6.375238818055292995e+02
6.016673534977981035e+02 6.578568354873868884e+02
6.116319382538185891e+02 6.721242416223344662e+02
6.154604837121933087e+02 6.649380635489542328e+02
6.238260071277215957e+02 6.185890586581344905e+02
6.253175057830376318e+02 6.026218402499609965e+02
6.257146902759704972e+02 5.782994766244598850e+02
6.256732196827708776e+02 5.410551639127061208e+02
6.238434147675673103e+02 5.151943791164251252e+02
6.202860784416288880e+02 4.829112282151758109e+02
6.110023724153691091e+02 4.432771955481821919e+02
6.019177338047733201e+02 4.143955925331119374e+02
5.876960124936927059e+02 3.790707477236506406e+02
5.737411896245612297e+02 3.476278558557581846e+02
5.640604815685996982e+02 2.940821917625694937e+02
5.636344998844098200e+02 2.803393770664736167e+02
5.612510573499024531e+02 2.405820461485133137e+02
5.609900046995273897e+02 2.274081088668780239e+02
5.570690422456582382e+02 1.818308174505230568e+02
5.513852408147070037e+02 1.472671899013386110e+02
5.398621555387442186e+02 1.122368394824348883e+02
5.317104103150129504e+02 9.247620695956388204e+01
5.130972983693245624e+02 5.763671994409556731e+01
4.996235078397046436e+02 4.016705751078354325e+01
4.781058780802425758e+02 2.377547191102726742e+01
4.558233391908189560e+02 1.632696094472815673e+01
4.337152255293254939e+02 1.850141542045301435e+01
4.185454510240822401e+02 2.387176131561063031e+01
3.733906594765503542e+02 6.032885281923876164e+01
3.632224910217600495e+02 7.527806349954207121e+01
3.500988074098347624e+02 9.308713448665760382e+01
3.344138838360198065e+02 1.193024403045222641e+02
3.158250677148743648e+02 1.584926520789168478e+02
2.989785598526750618e+02 2.056738862893522537e+02
2.848436016166126592e+02 2.480418899537720279e+02
2.701306295723516655e+02 3.069027766903535621e+02
2.620980512404512410e+02 3.541414695939639046e+02
2.599862007154887351e+02 3.929269135651224474e+02
2.599200588950968722e+02 4.089295101743069267e+02
2.644618165562822014e+02 4.409695605419303774e+02
2.717959650203549700e+02 4.623162694438086078e+02
2.874300167823786865e+02 4.973969900442161816e+02
2.902876616683641942e+02 5.044055563885909237e+02
3.019462331731006657e+02 5.322177042190660359e+02
3.137121785615646559e+02 5.819214813193282225e+02
3.157748408938432476e+02 6.078875813309180103e+02
3.173857144843950664e+02 6.427712849699571507e+02
3.193138142809137889e+02 6.728380718154953684e+02
3.202079691663686845e+02 6.970549621766444943e+02
3.299840677160601672e+02 7.515969200688593901e+02
3.412057316847785273e+02 7.736372476837345857e+02
3.593192355452848119e+02 7.965645051316794252e+02
3.769968905741370691e+02 8.105608099095311445e+02
3.978704695460458538e+02 8.231573733195227760e+02
4.157399173495095965e+02 8.287876809363831399e+02
