1.000000000000000000e+00 1.000000000000000000e+00
1.040000000000000036e+00 1.000000000000000000e+00
1.080000000000000071e+00 1.000000000000000000e+00
1.120000000000000107e+00 1.000000000000000000e+00
1.159999999999999920e+00 1.000000000000000000e+00
1.200000000000000178e+00 1.000000000000000000e+00
1.239999999999999991e+00 1.000000000000000000e+00
1.280000000000000027e+00 1.000000000000000000e+00
1.319999999999999840e+00 1.000000000000000000e+00
1.359999999999999876e+00 1.000000000000000000e+00
1.399999999999999911e+00 1.000000000000000000e+00
1.439999999999999947e+00 1.000000000000000000e+00
1.479999999999999982e+00 1.000000000000000000e+00
1.520000000000000018e+00 1.000000000000000000e+00
1.560000000000000053e+00 1.000000000000000000e+00
1.600000000000000089e+00 1.000000000000000000e+00
1.640000000000000124e+00 1.000000000000000000e+00
1.680000000000000160e+00 1.000000000000000000e+00
1.719999999999999973e+00 1.000000000000000000e+00
1.760000000000000009e+00 1.000000000000000000e+00
1.800000000000000044e+00 1.000000000000000000e+00
1.839999999999999858e+00 1.000000000000000000e+00
1.879999999999999893e+00 1.000000000000000000e+00
1.919999999999999929e+00 1.000000000000000000e+00
1.959999999999999964e+00 1.000000000000000000e+00
2.000000000000000000e+00 1.000000000000000000e+00
2.000000000000000000e+00 1.040000000000000036e+00
2.000000000000000000e+00 1.080000000000000071e+00
2.000000000000000000e+00 1.120000000000000107e+00
2.000000000000000000e+00 1.159999999999999920e+00
2.000000000000000000e+00 1.200000000000000178e+00
2.000000000000000000e+00 1.239999999999999991e+00
2.000000000000000000e+00 1.280000000000000027e+00
2.000000000000000000e+00 1.319999999999999840e+00
2.000000000000000000e+00 1.359999999999999876e+00
2.000000000000000000e+00 1.399999999999999911e+00
2.000000000000000000e+00 1.439999999999999947e+00
2.000000000000000000e+00 1.479999999999999982e+00
2.000000000000000000e+00 1.520000000000000018e+00
2.000000000000000000e+00 1.560000000000000053e+00
2.000000000000000000e+00 1.600000000000000089e+00
2.000000000000000000e+00 1.640000000000000124e+00
2.000000000000000000e+00 1.680000000000000160e+00
2.000000000000000000e+00 1.719999999999999973e+00
2.000000000000000000e+00 1.760000000000000009e+00
2.000000000000000000e+00 1.800000000000000044e+00
2.000000000000000000e+00 1.839999999999999858e+00
2.000000000000000000e+00 1.879999999999999893e+00
2.000000000000000000e+00 1.919999999999999929e+00
2.000000000000000000e+00 1.959999999999999964e+00
2.000000000000000000e+00 2.000000000000000000e+00
1.959999999999999964e+00 2.000000000000000000e+00
1.920000000000000151e+00 2.000000000000000000e+00
1.879999999999999893e+00 2.000000000000000000e+00
1.839999999999999858e+00 2.000000000000000000e+00
1.800000000000000044e+00 2.000000000000000000e+00
1.760000000000000009e+00 2.000000000000000000e+00
1.719999999999999973e+00 2.000000000000000000e+00
1.679999999999999938e+00 2.000000000000000000e+00
1.640000000000000124e+00 2.000000000000000000e+00
1.600000000000000089e+00 2.000000000000000000e+00
1.560000000000000053e+00 2.000000000000000000e+00
1.520000000000000018e+00 2.000000000000000000e+00
1.479999999999999982e+00 2.000000000000000000e+00
1.439999999999999947e+00 2.000000000000000000e+00
1.399999999999999911e+00 2.000000000000000000e+00
1.359999999999999876e+00 2.000000000000000000e+00
1.319999999999999840e+00 2.000000000000000000e+00
1.280000000000000027e+00 2.000000000000000000e+00
1.239999999999999991e+00 2.000000000000000000e+00
1.199999999999999956e+00 2.000000000000000000e+00
1.160000000000000142e+00 2.000000000000000000e+00
1.120000000000000107e+00 2.000000000000000000e+00
1.080000000000000071e+00 2.000000000000000000e+00
1.040000000000000036e+00 2.000000000000000000e+00
1.000000000000000000e+00 2.000000000000000000e+00
1.000000000000000000e+00 1.959999999999999964e+00
1.000000000000000000e+00 1.920000000000000151e+00
1.000000000000000000e+00 1.879999999999999893e+00
1.000000000000000000e+00 1.839999999999999858e+00
1.000000000000000000e+00 1.800000000000000044e+00
1.000000000000000000e+00 1.760000000000000009e+00
1.000000000000000000e+00 1.719999999999999973e+00
1.000000000000000000e+00 1.679999999999999938e+00
1.000000000000000000e+00 1.640000000000000124e+00
1.000000000000000000e+00 1.600000000000000089e+00
1.000000000000000000e+00 1.560000000000000053e+00
1.000000000000000000e+00 1.520000000000000018e+00
1.000000000000000000e+00 1.479999999999999982e+00
1.000000000000000000e+00 1.439999999999999947e+00
1.000000000000000000e+00 1.399999999999999911e+00
1.000000000000000000e+00 1.359999999999999876e+00
1.000000000000000000e+00 1.319999999999999840e+00
1.000000000000000000e+00 1.280000000000000027e+00
1.000000000000000000e+00 1.239999999999999991e+00
1.000000000000000000e+00 1.199999999999999956e+00
1.000000000000000000e+00 1.160000000000000142e+00
1.000000000000000000e+00 1.120000000000000107e+00
1.000000000000000000e+00 1.080000000000000071e+00
1.000000000000000000e+00 1.040000000000000036e+00
