0.000000000000000000e+00 0.000000000000000000e+00
3.846153846153846367e-02 -1.538461538461538547e-02
7.692307692307692735e-02 -3.076923076923077094e-02
1.153846153846153910e-01 -4.615384615384615641e-02
1.538461538461538547e-01 -6.153846153846154188e-02
1.923076923076923184e-01 -7.692307692307692735e-02
2.307692307692307820e-01 -9.230769230769231282e-02
2.692307692307692180e-01 -1.076923076923076983e-01
3.076923076923077094e-01 -1.230769230769230838e-01
3.461538461538461453e-01 -1.384615384615384692e-01
3.846153846153846367e-01 -1.538461538461538547e-01
4.230769230769230727e-01 -1.692307692307692402e-01
4.615384615384615641e-01 -1.846153846153846256e-01
5.000000000000000000e-01 -2.000000000000000111e-01
5.384615384615385469e-01 -1.846153846153846256e-01
5.769230769230768718e-01 -1.692307692307692402e-01
6.153846153846154188e-01 -1.538461538461538547e-01
6.538461538461538547e-01 -1.384615384615384692e-01
6.923076923076922906e-01 -1.230769230769230838e-01
7.307692307692308376e-01 -1.076923076923076983e-01
7.692307692307691624e-01 -9.230769230769231282e-02
8.076923076923077094e-01 -7.692307692307692735e-02
8.461538461538461453e-01 -6.153846153846154188e-02
8.846153846153845812e-01 -4.615384615384614947e-02
9.230769230769231282e-01 -3.076923076923077094e-02
9.615384615384615641e-01 -1.538461538461537506e-02
1.000000000000000000e+00 0.000000000000000000e+00
1.000000000000000000e+00 4.000000000000000083e-02
1.000000000000000000e+00 8.000000000000000167e-02
1.000000000000000000e+00 1.199999999999999956e-01
1.000000000000000000e+00 1.600000000000000033e-01
1.000000000000000000e+00 2.000000000000000111e-01
1.000000000000000000e+00 2.399999999999999911e-01
1.000000000000000000e+00 2.800000000000000266e-01
1.000000000000000000e+00 3.200000000000000067e-01
1.000000000000000000e+00 3.599999999999999867e-01
1.000000000000000000e+00 4.000000000000000222e-01
1.000000000000000000e+00 4.400000000000000022e-01
1.000000000000000000e+00 4.799999999999999822e-01
1.000000000000000000e+00 5.200000000000000178e-01
1.000000000000000000e+00 5.600000000000000533e-01
1.000000000000000000e+00 5.999999999999999778e-01
1.000000000000000000e+00 6.400000000000000133e-01
1.000000000000000000e+00 6.800000000000000488e-01
1.000000000000000000e+00 7.199999999999999734e-01
1.000000000000000000e+00 7.600000000000000089e-01
1.000000000000000000e+00 8.000000000000000444e-01
1.000000000000000000e+00 8.399999999999999689e-01
1.000000000000000000e+00 8.800000000000000044e-01
1.000000000000000000e+00 9.200000000000000400e-01
1.000000000000000000e+00 9.599999999999999645e-01
1.000000000000000000e+00 1.000000000000000000e+00
9.599999999999999645e-01 1.000000000000000000e+00
9.200000000000000400e-01 1.000000000000000000e+00
8.800000000000000044e-01 1.000000000000000000e+00
8.399999999999999689e-01 1.000000000000000000e+00
8.000000000000000444e-01 1.000000000000000000e+00
7.600000000000000089e-01 1.000000000000000000e+00
7.199999999999999734e-01 1.000000000000000000e+00
6.799999999999999378e-01 1.000000000000000000e+00
6.400000000000000133e-01 1.000000000000000000e+00
5.999999999999999778e-01 1.000000000000000000e+00
5.600000000000000533e-01 1.000000000000000000e+00
5.200000000000000178e-01 1.000000000000000000e+00
4.799999999999999822e-01 1.000000000000000000e+00
4.399999999999999467e-01 1.000000000000000000e+00
4.000000000000000222e-01 1.000000000000000000e+00
3.599999999999999867e-01 1.000000000000000000e+00
3.199999999999999512e-01 1.000000000000000000e+00
2.800000000000000266e-01 1.000000000000000000e+00
2.399999999999999911e-01 1.000000000000000000e+00
1.999999999999999556e-01 1.000000000000000000e+00
1.600000000000000311e-01 1.000000000000000000e+00
1.199999999999999956e-01 1.000000000000000000e+00
7.999999999999996003e-02 1.000000000000000000e+00
4.000000000000003553e-02 1.000000000000000000e+00
0.000000000000000000e+00 1.000000000000000000e+00
0.000000000000000000e+00 9.599999999999999645e-01
0.000000000000000000e+00 9.200000000000000400e-01
0.000000000000000000e+00 8.800000000000000044e-01
0.000000000000000000e+00 8.399999999999999689e-01
0.000000000000000000e+00 8.000000000000000444e-01
0.000000000000000000e+00 7.600000000000000089e-01
0.000000000000000000e+00 7.199999999999999734e-01
0.000000000000000000e+00 6.799999999999999378e-01
0.000000000000000000e+00 6.400000000000000133e-01
0.000000000000000000e+00 5.999999999999999778e-01
0.000000000000000000e+00 5.600000000000000533e-01
0.000000000000000000e+00 5.200000000000000178e-01
0.000000000000000000e+00 4.799999999999999822e-01
0.000000000000000000e+00 4.399999999999999467e-01
0.000000000000000000e+00 4.000000000000000222e-01
0.000000000000000000e+00 3.599999999999999867e-01
0.000000000000000000e+00 3.199999999999999512e-01
0.000000000000000000e+00 2.800000000000000266e-01
0.000000000000000000e+00 2.399999999999999911e-01
0.000000000000000000e+00 1.999999999999999556e-01
0.000000000000000000e+00 1.600000000000000311e-01
0.000000000000000000e+00 1.199999999999999956e-01
0.000000000000000000e+00 7.999999999999996003e-02
0.000000000000000000e+00 4.000000000000003553e-02
